Prime numbers between 18446744073714914963 and 18446744073714919873
18446744073714914963
18446744073714915247
18446744073714915281
18446744073714915317
18446744073714915359
18446744073714915379
18446744073714915473
18446744073714915529
18446744073714915631
18446744073714915661
18446744073714915703
18446744073714915737
18446744073714915857
18446744073714915971
18446744073714916027
18446744073714916031
18446744073714916129
18446744073714916147
18446744073714916151
18446744073714916279
18446744073714916369
18446744073714916403
18446744073714916417
18446744073714916471
18446744073714916511
18446744073714916571
18446744073714916601
18446744073714916703
18446744073714916723
18446744073714916873
18446744073714916903
18446744073714917101
18446744073714917141
18446744073714917167
18446744073714917171
18446744073714917183
18446744073714917231
18446744073714917249
18446744073714917251
18446744073714917273
18446744073714917347
18446744073714917357
18446744073714917377
18446744073714917399
18446744073714917599
18446744073714917627
18446744073714917641
18446744073714917711
18446744073714917761
18446744073714917783
18446744073714917791
18446744073714917813
18446744073714917827
18446744073714917887
18446744073714918001
18446744073714918023
18446744073714918271
18446744073714918293
18446744073714918329
18446744073714918341
18446744073714918373
18446744073714918463
18446744073714918517
18446744073714918527
18446744073714918547
18446744073714918569
18446744073714918691
18446744073714918799
18446744073714918827
18446744073714918839
18446744073714918877
18446744073714919031
18446744073714919043
18446744073714919049
18446744073714919063
18446744073714919121
18446744073714919133
18446744073714919169
18446744073714919223
18446744073714919247
18446744073714919309
18446744073714919337
18446744073714919423
18446744073714919481
18446744073714919507
18446744073714919519
18446744073714919541
18446744073714919559
18446744073714919679
18446744073714919681
18446744073714919717
18446744073714919747
18446744073714919769
18446744073714919793
18446744073714919817
18446744073714919871
18446744073714919873
